0-578.com	║Н╤дгР-╤дгРмЬ-╟дце╤дгР║НюЖк╝йппгвЙ╩Зп╣Ё╖	01	15	16	3	0	1	1	1	0	0	0	0	0	0	0	0	0	0	0	0	0	0	0	0	0	0	0	0	0	1
0-7-9.com	пее╣╣Ваовш╨омЬ	01	0	0	3	0	1	0	0	0	0	0	0	0	0	1	0	0	0	0	1	0	0	0	0	0	0	0	0	0	0
0-865.com	хЩфФилнЯсРцШв╒╡А|к╚оъпИдБжВ╩З|к╚оъ©у╪Д|пИдБжВ╩З|©у╪ДвБсц|жВ╩ЗвБсц|фСр╣сйоД|мЬу╬мф╧Ц-хЩфФилнЯв╗р╣╣	01	0	8	0	0	108	0.0925926	0	0.0925926	0	0	0.0833333	0	0	0.740741	0	0	0.0277778	0	0.277778	0.00925926	0.0555556	0	0	0	0	0.0925926	0	0.12037	0
0-91.cn	╤╞бЧмФ╬ъ_╤╞бЧ╥Чв╟_кэ╫╨мФ╬ъ-иНшзйпжпм╗©м╢╢©ф╪╪споч╧╚к╬	01	0	2	0	0	1	0	0	0	0	0	0	1	0	1	0	0	0	0	0	1	0	0	0	0	0	0	0	0	0
0-91.com	╤╞бЧмФ╬ъ_╤╞бЧ╥Чв╟_кэ╫╨мФ╬ъ-иНшзйпжпм╗©м╢╢©ф╪╪споч╧╚к╬	01	2	0	0	0	1	0	0	0	0	0	0	1	0	1	0	0	0	0	0	1	0	0	0	0	0	0	0	0	0
0-yidu.com	нД╨╨аЦобр╪╤х╧Ц╦Фспоч╧╚к╬	01	6	15	1	0	1	0	0	0	0	0	0	0	0	1	0	0	0	0	0	0	0	0	0	0	0	0	0	0	1
00-bet365.com	bet365иойп╧╚к╬|е╥жч╠╜м╤в╒у╬	01	0	3	1	0	1	0	0	0	0	0	0	0	0	0	0	0	0	0	0	0	0	0	0	0	0	0	0	0	1
00000.org.cn	╠╠╬╘╠╪бМнд╩╞╢╚ц╫╧╓вВйр|╠╠╬╘╡ёа╖лЫд╓|╠╠╬╘╦Тххд╓|╠╠╬╘╥ю╠╛д╓|╠╠╬╘в╟йнд╓|д╔и╟д╓|╫╗жЧд╓|╡ёа╖лЫд╓|╦Тххд╓|в	10	15	15	4	0	2	0.5	0	0	0.5	0	0	0	0	0.5	0	0	0	0	0	0.5	0	0	0	0	0	0	0	0	0.5
000000.mobi	уЦ╫╜нбжщЁор╣ю╜а╢споч╧╚к╬	01	1	10	0	0	258	0.0271318	0	0.0465116	0	0	0.0116279	0.00387597	0	0.910853	0	0	0	0	0.329457	0.0387597	0.00387597	0	0	0	0	0	0	0	0
0000000000160.0x0d5.00000174.0x00000000034	ибнВжп╧ЗбцппиГ╬╜©╙гЬн╢яКб╥╥ж╧╚к╬_нВ╟╡бцппиГ|ибнВбцсноъб╥|╧Здзбцсноъб╥|ЁЖ╬Ёбцсноъб╥	11	0	0	0	0	1	1	0	0	0	0	0	1	0	0	0	0	0	0	0	0	0	0	0	0	0	0	0	0	0
000000000160.0x000000d5.0x007c.0x034	ибнВжп╧ЗбцппиГ╬╜©╙гЬн╢яКб╥╥ж╧╚к╬_нВ╟╡бцппиГ|ибнВбцсноъб╥|╧Здзбцсноъб╥|ЁЖ╬Ёбцсноъб╥	11	0	0	0	0	1	1	0	0	0	0	0	1	0	0	0	0	0	0	0	0	0	0	0	0	0	0	0	0	0
000000002.com.cn	йврЁ	01	10	5	2	0	29	0.172414	0	0	0	0	0.310345	0.0689655	0	0.482759	0	0	0	0	0.137931	0.172414	0	0	0	0	0	0	0.103448	0.172414	0.0689655
000000008.com	╢╡иосцф╥еЗ╥╒гК╣╫дом╗йп╣Чй╞ге808╪р╥деЗ╥╒мЬё╛╟╒юО╟м╟мЁопем╗╩Ат╠║╒лА╧╘лт╠╕йЩ╬щ╟Э║╒аЦ©Б╢Ф╢ЗоЗ╪сцк╣хсзгАк	01	12	0	3	0	1762	0.0385925	0	0	0	0	0	0	0	0.643019	0	0	0	0	0.618048	0.948922	0.115778	0	0	0	0	0.837684	0.686152	0	0
000000027.00000000000000365.55.0x00000034	иНшзйп╫П╩╥сН╣Гоъ╣Гюбспоч╧╚к╬	01	0	0	0	0	1	0	0	0	0	0	0	0	0	1	0	0	0	0	0	0	0	0	1	0	0	0	0	0	1
000000027.0x000000000000ee.159.0x000000065	оЦ╦шаЫ╨о╡йж╠╡╔р╩л╗_вНпб╡╘╡й╧╚к╬сИюжЁг╣╪╨╫мЬ╧ы╥╫╠╦сцмЬж╥обтьф╫л╗	01	0	0	0	0	1	0	0	0	1	0	0	1	0	0	0	0	0	1	0	0	0	0	0	0	0	0	0	0	0
000000242.000334.0x0000187a	╨╪жщрё©ьи╚вс╫П╡фиЯеф╬ъ╗│╗│║О13520000605║О╗│╗│╨╪жщрё©ьи╚всйврЁ	01	0	0	0	0	1	1	0	0	0	0	0	0	0	0	0	1	0	0	0	1	0	0	0	0	0	0	1	0	0
00000154.0x000000bb.000000140.0000362	кд╢╗╨опер╘р╣спочтПхн╧╚к╬	01	0	0	0	0	1	0	0	0	1	0	0	1	0	1	0	0	0	0	0	1	0	0	0	0	0	0	0	0	1
0000024.cc	ио╨ё©╗э╫аЗцЁрвспоч╧╚к╬-PoweredbyECShop	01	0	1	0	0	53	0	0	0	0	0	0	0	0	0.981132	0	0	0	0	0.566038	0.716981	0.113208	0	0	0	0	0.509434	0	0	0
00000300.0x0000a9.0000000172.0xd	сзяСаЫт╢ф╛©м╩╖фюбшп╖╧Ш╨цбП_сзяСаЫт╢ф╛©м╩╖фюбшп╖╧Ш╨цбП╧ымЬ-║╬аЫт╢ф╛╧ы╥╫ж╦╤╗оЗйшжппд║©1257580830	01	0	0	0	0	1	1	0	0	1	0	0	0	0	0	0	0	0	0	1	1	0	0	0	0	0	0	0	0	0
0000034.cc	Е╚б╔цЁрвспоч╧╚к╬-PoweredbyECShop	01	0	2	0	0	48	0	0	0	0	0	0	0	0	1	0	0	0	0	0.5625	0.6875	0.25	0	0	0	0	0.416667	0	0	0
0000042.cc	ЙигФцЁрвспоч╧╚к╬-PoweredbyECShop	01	0	0	0	0	38	0	0	0	0	0	0	0	0	1	0	0	0	0	0.631579	0.710526	0.0526316	0	0	0	0	0.578947	0	0	0
0000043.cc	ио╨ё©╗э╫аЗцЁрвспоч╧╚к╬-PoweredbyECShop	01	0	0	0	0	61	0	0	0	0	0	0	0	0	0.983607	0	0	0	0	0.52459	0.721311	0.163934	0	0	0	0	0.47541	0	0	0
0000045.cc	Е╚б╔цЁрвспоч╧╚к╬-PoweredbyECShop	01	0	0	0	0	43	0	0	0	0	0	0	0	0	1	0	0	0	0	0.55814	0.651163	0.139535	0	0	0	0	0.488372	0	0	0
0000046.cc	Е╚б╔цЁрвспоч╧╚к╬-PoweredbyECShop	01	0	0	0	0	33	0	0	0	0	0	0	0	0	1	0	0	0	0	0.515152	0.606061	0.151515	0	0	0	0	0.424242	0	0	0
0000054.cc	ЙигФцЁрвспоч╧╚к╬-PoweredbyECShop	01	0	1	0	0	72	0	0	0	0	0	0	0	0	1	0	0	0	0	0.791667	0.819444	0.0416667	0	0	0	0	0.75	0	0	0
0000074.cc	ЙигФцЁрвспоч╧╚к╬-PoweredbyECShop	01	0	1	0	0	48	0	0	0	0	0	0	0	0	1	0	0	0	0	0.645833	0.729167	0.0625	0	0	0	0	0.5625	0	0	0
00000ka.com	╧ы╥╫хож╓ё╨рв╧╨╥╣юШмЬилЁг	01	0	0	0	0	100	0	0	0	0	0	0	0.01	0	0.14	0	0	0	0	0.13	0.8	0.6	0	0	0	0	0.14	0	0	0
0000106.cc	Е╚б╔цЁрвспоч╧╚к╬-PoweredbyECShop	01	0	1	0	0	40	0	0	0	0	0	0	0	0	1	0	0	0	0	0.55	0.675	0.2	0	0	0	0	0.45	0	0	0
0000112.cc	А╞нюцЁрвспоч╧╚к╬-PoweredbyECShop	01	0	0	0	0	29	0	0	0	0	0	0	0	0	1	0	0	0	0	0.413793	0.482759	0.0689655	0	0	0	0	0.310345	0	0	0
0000114.cc	А╞нюцЁрвспоч╧╚к╬-PoweredbyECShop	01	0	2	0	0	35	0	0	0	0	0	0	0	0	1	0	0	0	0	0.485714	0.514286	0.0571429	0	0	0	0	0.371429	0	0	0
0000119.cc	ЁУ╦ъцЁрвспоч╧╚к╬-PoweredbyECShop	01	0	1	0	0	36	0	0	0	0	0	0	0	0	1	0	0	0	0	0.555556	0.638889	0.111111	0	0	0	0	0.472222	0	0	0
0000121.cc	ЁУ╦ъцЁрвспоч╧╚к╬-PoweredbyECShop	01	0	0	0	0	42	0	0	0	0	0	0	0	0	1	0	0	0	0	0.571429	0.690476	0.166667	0	0	0	0	0.47619	0	0	0
00001234.com	╣ё╠ёмЬ	01	0	0	3	0	1	1	0	0	0	0	0	1	0	0	0	0	0	0	0	0	0	0	0	0	0	0	0	0	1
0000131.cc	╟ынтцЁрвспоч╧╚к╬-PoweredbyECShop	01	0	0	0	0	25	0	0	0	0	0	0	0	0	1	0	0	0	0	0.52	0.72	0.24	0	0	0	0	0.4	0	0	0
0000137.cc	╨фнюцЁрвспоч╧╚к╬-PoweredbyECShop	01	0	0	0	0	40	0	0	0	0	0	0	0	0	1	0	0	0	0	0.575	0.65	0.1	0	0	0	0	0	0	0	0.025
0000144.cc	пВнтцЁрвспоч╧╚к╬-PoweredbyECShop	01	0	0	0	0	42	0	0	0	0	0	0	0	0	1	0	0	0	0	0.52381	0.619048	0.190476	0	0	0	0	0.428571	0	0	0
0000155.cc	пВнтцЁрвспоч╧╚к╬-PoweredbyECShop	01	0	0	0	0	51	0	0	0	0	0	0	0	0	1	0	0	0	0	0.568627	0.647059	0.176471	0	0	0	0	0.470588	0	0	0
0000156.cc	пВнтцЁрвспоч╧╚к╬-PoweredbyECShop	01	0	0	0	0	39	0	0	0	0	0	0	0	0	1	0	0	0	0	0.487179	0.589744	0.205128	0	0	0	0	0.384615	0	0	0
0000157.cc	пВнтцЁрвспоч╧╚к╬-PoweredbyECShop	01	0	1	0	0	45	0	0	0	0	0	0	0	0	1	0	0	0	0	0.6	0.666667	0.133333	0	0	0	0	0.533333	0	0	0
0000158.cc	пВнтцЁрвспоч╧╚к╬-PoweredbyECShop	01	0	0	0	0	50	0	0	0	0	0	0	0	0	1	0	0	0	0	0.62	0.72	0.14	0	0	0	0	0.58	0	0	0
0000167.cc	хьп╫цЁрвспоч╧╚к╬-PoweredbyECShop	01	0	2	0	0	63	0.126984	0	0	0	0	0	0	0	0.873016	0	0	0	0	0.428571	0.714286	0.142857	0	0	0	0	0.396825	0	0	0
0000180.cc	хьп╫цЁрвспоч╧╚к╬-PoweredbyECShop	01	0	0	0	0	93	0.0537634	0	0	0	0	0	0	0	0.946237	0	0	0	0	0.655914	0.806452	0.0752688	0	0	0	0	0.645161	0	0	0
0000181.cc	хьп╫цЁрвспоч╧╚к╬-PoweredbyECShop	01	0	1	0	0	48	0.0833333	0	0	0	0	0	0	0	0.916667	0	0	0	0	0.395833	0.666667	0.145833	0	0	0	0	0.354167	0	0	0
0000182.cc	хьп╫цЁрвспоч╧╚к╬-PoweredbyECShop	01	0	0	0	0	50	0.08	0	0	0	0	0	0	0	0.92	0	0	0	0	0.46	0.68	0.16	0	0	0	0	0.4	0	0	0
0000183.cc	хьп╫цЁрвспоч╧╚к╬-PoweredbyECShop	01	0	0	0	0	66	0.0909091	0	0	0	0	0	0	0	0.909091	0	0	0	0	0.439394	0.712121	0.106061	0	0	0	0	0.393939	0	0	0
0000184.cc	хьп╫цЁрвспоч╧╚к╬-PoweredbyECShop	01	0	0	0	0	66	0.106061	0	0	0	0	0	0	0	0.893939	0	0	0	0	0.393939	0.727273	0.121212	0	0	0	0	0.363636	0	0	0
00001969.com	г╠╫╜тц╠╠йпЁ║╣В╡Испоч╧╚к╬	01	1	12	1	0	1	0	0	0	0	0	0	0	0	1	0	0	0	0	0	0	0	0	0	0	0	0	0	0	1
0000248.com	иНшз╠╕бМфШцЁспоч╧╚к╬www.0000248.com	01	15	14	3	0	1	0	0	0	0	0	0	0	0	0	0	0	0	0	0	0	0	0	0	0	0	0	0	0	1
