776063644.com	╠╠╬╘╨ЙкЁ©╜р╣╩Ы╢║╧╓Ёлспоч╧╚к╬	11	15	7	3	1	18	0	0	0	0	0	0	0	0	0.722222	0	0	0.0555556	0	0	0.722222	0	0	0	0	0	0	0	0	0.777778
beifanghongtuo.com	╠╠╬╘╠╠╥╫╨Ймь╩╥╠ёиХ╠╦жфтЛспоч╧╚к╬	11	0	1	1	0	65	0.107692	0	0	0	0	0.0153846	0	0	0.876923	0	0	0.0153846	0	0.0923077	0.830769	0	0	0	0	0	0	0	0	0.923077
bjbwn.com	╠╠╬╘╡╘н╛дидэт╢╪╪йУспоч╧╚к╬	11	14	9	3	1	11	0	0	0	0	0	0	0.454545	0	0.909091	0	0	0	0.0909091	0.0909091	1	0	0	0	0	0	0	0	0	0.545455
bjhxcrzx.com	╨ЦоИ╡ЩхПё╗╠╠╬╘ё╘в╟йн╧╓Ёлспоч╧╚к╬	11	0	0	1	0	63	0.047619	0	0	0	0	0.0793651	0.031746	0	0.873016	0	0	0	0	0	0.68254	0	0	0	0	0	0	0	0	0.793651
bjpinghe.com	╦ТюКй╫╟╡х╚у╓|пе╨е╦ТюКфВ|╦ТюКфВ|пе╨е╥жеДфВ|╟╡х╚у╓|нб╤х╠ДкмфВ-╠╠╬╘ф╫╨м╢╢р╣©ф╪╪╥╒у╧споч╧╚к╬	11	16	37	4	1	152	0	0	0	0	0	0.00657895	0.00657895	0	0.960526	0	0	0	0	0	0.697368	0	0	0	0	0	0	0.0986842	0.0197368	0.769737
bjxinyongkadaihuan.com	╠╠╬╘╦ъйо╨фр╣м╤вйспоч╧╚к╬	11	0	4	0	0	60	0.0833333	0	0	0	0	0.1	0.133333	0	0.766667	0	0.0666667	0	0	0.0166667	0.45	0	0	0	0	0	0	0	0.166667	0.383333
boyuyaxin.com	╠╠╬╘╡╘сНяеЖн╡йи╚с║к╒иХ╪фспоч╧╚к╬	11	9	4	2	0	13	0	0	0	0	0	0	0.923077	0	1	0	0	0	0	0	0.230769	0	0	0	0	0	0	0	0	1
chinalqq.cn	жп╧ЗюДх╢фВмЬ-а╒вЦюДх╢кЧ,©уфЬюДх╢фВ,╟Ей╫юДх╢фВ,юДх╢фВппр╣╥╒у╧	11	1	14	3	0	353	0.127479	0	0	0.00283286	0	0.17847	0	0	0.385269	0	0.0113314	0.11898	0	0.147309	0.11898	0.243626	0	0	0	0	0	0.271955	0.0453258	0.246459
coopbj.net	жп╨о(╠╠╬╘)е╘╡Зф╥йпЁ║╫╗иХ©╙╥╒споч╧╚к╬	11	0	1	0	0	198	0.0151515	0	0	0	0	0.767677	0.010101	0	0.212121	0	0	0.020202	0.010101	0.171717	0.378788	0	0	0	0	0	0	0.020202	0.484848	0.010101
dxdjz.com	цжюу╤╚╥Г╢Спк╣ьфоля╬фр╣спочтПхн╧╚к╬	11	15	11	3	0	37	0	0	0	0	0	0	0.945946	0	1	0	0	0	0	0	0.027027	0	0	0	0	0	0	0	0.324324	0
gcjx.mobi	╧╓Ёл╩Зп╣_╩Зп╣еД╪Ч_╩Зп╣це╩╖_жп╧З╧╓Ёл╩Зп╣це╩╖мЬ	11	15	18	3	0	197	0.0304569	0	0	0	0	0.0609137	0	0	0.715736	0	0	0.0101523	0	0.736041	0.654822	0	0	0	0	0	0	0.664975	0.878173	0.0964467
heyangsm.com	╠╠╬╘╨мяТилцЁспоч╧╚к╬╠╠╬╘╨мяТилцЁспоч╧╚к╬	11	0	0	1	0	18	0	0	0	0	0	0	0.0555556	0	0.944444	0	0	0	0	0.388889	0.555556	0	0	0	0	0	0	0	0	0.888889
hyfdcpt.com	╠╠╬╘╩шт╢╥©╣ь╡З╬╜╪мспоч╧╚к╬	11	0	0	1	0	75	0	0	0	0	0	0.0133333	0.0133333	0	0.986667	0	0	0	0	0	0.973333	0	0	0	0	0	0	0	0.0133333	0.52
jingxin360.com	╠╠╬╘╬╩пб╩╥╬Ё©ф╪╪споч╧╚к╬	11	0	4	2	0	43	0.139535	0	0	0	0	0.0232558	0.0232558	0	0.697674	0	0	0.0232558	0	0	0.976744	0	0	0	0	0	0	0.0232558	0	0.790698
kmahz.com	жгдэ╣╣╟╦цэ╪╞╪э╪╟в╗р╣╣╣╟╦║╒м╪йИ╧эюМо╣мЁр╩у╬й╫╪╞Ёиил║╙║╙╠╠╬╘╨╫лЛжпжг©ф╪╪╥╒у╧споч╧╚к╬	11	0	5	1	0	170	0.0882353	0	0	0	0	0.0588235	0.0764706	0	0.817647	0	0.00588235	0	0	0.4	0.388235	0.0117647	0	0	0	0	0	0.0176471	0.0764706	0.0470588
maomingfs.com	┐сцВ╥Гк╝/жп╧З╧Зя╖мф╧Цф╫л╗-йврЁ	11	0	2	1	0	120	0.0833333	0	0.025	0	0	0.3	0.00833333	0	0.566667	0	0	0	0	0.341667	0.308333	0.0333333	0	0	0	0	0.158333	0.0416667	0.116667	0.0666667
ourjcdz.com	жп╧З╪гб╪ргмЬжгмьргфВ|в╗р╣иЗ╡Знбй╙╤х╪гб╪рг|╩╥╬Ё╪Л╡БиХ╠╦|GPRSнб╤х╪гб╪рг|юДа╢ткйД╪Ю©ь	11	15	14	3	0	192	0.09375	0	0.00520833	0	0	0.03125	0.0104167	0	0.838542	0	0.00520833	0	0	0.510417	0.572917	0.0416667	0	0	0	0	0.078125	0.046875	0.0729167	0.0364583
ronghuadingsheng.com	╠╠╬╘хы╩╙╤╕й╒©ф╪╪╥╒у╧споч╧╚к╬	11	0	0	1	0	23	0	0	0	0	0	0	0	0	1	0	0	0	0	0	0	0	0	0	0	0	0	0.0869565	0	0.73913
sjshtd.com	╠╠╬╘и╜╨ём╗╢О╡Б©ь©ф╪╪споч╧╚к╬	11	0	2	0	0	117	0.205128	0	0	0	0	0.0683761	0.581197	0	0.726496	0	0	0	0	0.393162	0.623932	0	0	0	0	0	0	0	0.0512821	0.290598
tls88.com	╟╡╥юилЁг,╟╡╥юрв╧╨мЬ-╟╡╥юмЬ|╟╡╥юф╥еф|╟╡╥ю╡Зф╥мЬ|╪Ю©ьф╥еф|╦ъгЕмЬбГиЦоЯ╩З|╪Ю©ьиЦоЯм╥╠╗╪ш|жп╧З╣зр╩╪рв╗р╣	11	0	0	2	0	1579	0.647245	0	0.00569981	0	0	0.0519316	0	0	0.00126662	0.000633312	0	0.00379987	0.0145662	0.445218	0.030399	0.436352	0	0	0	0	0.0348322	0	0.0360988	0
wlzj88.com	л╚яТдэххк╝фВ,ф╫╟Ел╚яТдэ,л╚яТдэххк╝╧╓Ёл-╠╠╬╘яТ╧Бн╢ю╢ж╝╪р©ф╪╪споч╧╚к╬	11	16	25	4	1	11	0.181818	0	0	0	0	0	0.363636	0	0.818182	0	0	0	0	0.181818	0.545455	0	0	0	0	0	0	0	0	0.272727
www.17bar.com.cn	╠╠╬╘╨мм╛╢╢р╣©ф╪╪спочтПхн╧╚к╬	11	14	4	0	0	42	0	0	0	0	0	0	0.0952381	0	1	0	0	0	0	0.333333	0.928571	0.047619	0	0	0	0	0	0	0	0.047619
www.3d2013.com	3D╢Рс║тзоъ-жп╧Зв╗р╣3D╢Рс║тзоъ╫╩рвф╫л╗	11	22	626	4	1	3646	0.97175	0	0.00137137	0	0	0.00383982	0	0	0.021119	0.0178278	0	0	0	0.312946	0.998629	0.459682	0	0	0	0	0.110258	0	0	0
www.65auto.com	блнОмЬ║╙жп╧ЗцГд╬гС╧╨,цГд╬╪ш╦Я,цГд╬╧╘гС,цГд╬╠╗╪ш,т╟ажцГд╬	11	11	10	3	0	2259	0.0566622	0	0	0	0	0.104028	0.00221337	0	0.80965	0	0.00177069	0.0287738	0.000885347	0.782647	0.0978309	0.0128375	0	0	0	0	0.000885347	0.752545	0.085436	0.0863214
www.acfw.com.cn	╠╠╬╘х╚цЯм╗йпЁ║╣В╡И╧╚к╬-йпЁ║╣В╡И_илр╣╣В╡И_с╙оЗ╣Вяп_иЯць╧к©м_ж╢пп╧╚к╬	11	14	8	4	0	25	0	0	0	0	0	0	0.92	0	0.96	0	0	0	0	0	1	0	0	0	0	0	0	0	0	0
www.aoxinhai.cn	╠╠╬╘╟бпб╨ё©ф╪╪споч╧╚к╬	11	15	10	4	1	16	0.0625	0	0	0	0	0	0.125	0	0.875	0	0	0	0	0	1	0	0	0	0	0	0	0.0625	0	0.75
www.bbtdc.com	╠╠╬╘╫╗жЧ╪╪йУ╥╒у╧тПхнспоч╧╚к╬	11	18	104	4	1	295	0.0305085	0	0	0.00338983	0	0.169492	0	0	0.142373	0	0.00338983	0.0169492	0	0	0.220339	0	0	0	0	0	0	0.00677966	0.288136	0.4
www.bfby88.com	╠╠╬╘╠╠╥╫╡╘яг©ф╪╪споч╧╚к╬	11	0	0	0	0	123	0	0	0	0	0	0	0.203252	0	1	0	0	0	0	0	0.95122	0	0	0	0	0	0	0	0	1
www.bj-tjgg.com	╠╠╬╘╧╓╣ьн╖╣╡,еГ╩Фп╢уФ╧╚к╬,╢СпмеГ╩Ф-╠╠╬╘лЛЦ╫╧Ц╦ФжфвВспоч╧╚к╬	11	16	21	4	0	97	0.0103093	0	0	0.0103093	0	0.0309278	0.154639	0	0.907216	0	0	0	0	0	0.412371	0	0	0	0	0	0	0.0309278	0.0412371	0.628866
www.bjbsxd.cn	йврЁ-BSXD╠╠╬╘╡╘иля╤╢О╣Гвсспоч╧╚к╬	11	2	0	1	0	79	0	0	0	0.0126582	0	0.164557	0.0759494	0	0.78481	0	0	0	0	0.0126582	0.240506	0.0379747	0	0	0	0	0	0.0632911	0	0.329114
www.bjdongnan.cn	кЁрЕ╧Ц╦Ф╧╚к╬|кЁрЕпШ╢╚╡АиХ╪фс║к╒|кЁрЕ╡йрЁиХ╪фс║к╒|кЁрЕлУ╥ЫжфвВ|кЁрЕ╨ё╠╗иХ╪фс║к╒|кЁрЕс║к╒|кЁрЕф╫цФиХ╪ф	11	15	18	4	1	44	0.0909091	0	0	0	0	0	0.863636	0	0.909091	0	0	0	0	0	0.75	0	0	0	0	0	0	0.113636	0	0.795455
www.bjhanbell.com	йврЁ-╠╠╬╘Ё©цЫ╨╨жс╩Зп╣иХ╠╦споч╧╚к╬	11	0	0	1	0	34	0.0882353	0	0	0	0	0.117647	0.0588235	0	0.794118	0	0	0	0	0	0.558824	0.117647	0	0	0	0	0	0	0.0294118	0.588235
www.bjhwlc.com	╠╠╬╘╨╢н╛а╙╢╢гЕо╢иХ╠╦споч╧╚к╬-тх╫╨╩Здё©И╩╞й╫гЕо╢╩З╩╞я╖фВцСЁ╛иЫ╡╗гЕо╢╩ЗфШЁ╣вэЁиЁ╛иЫ╡╗гЕо╢╩Зр╫аф╣╪к©Ё╛и	11	16	30	4	1	90	0.0888889	0	0	0	0	0	0	0	0.911111	0	0	0.0444444	0	0	0.8	0	0	0	0	0	0	0.533333	0	0.0333333
www.bjjnsd.com	╠╠╬╘╫╜дой╒╢ОЁЬ╥©иХ╠╦споч╧╚к╬	11	15	15	4	1	14	0	0	0	0	0	0	0	0	1	0	0	0	0	0	0.0714286	0	0	0	0	0	0	0	0	1
www.bjlhpf.cn	╠╠╬╘кы╩╛п╛еЗ╥╒в╗бТ╣Й|╠╠╬╘цв╦ъбж╩╛п╛в╗бТ╣Й|хПй©цв╦ъ╩╛╟ЕЁ╣╠╠╬╘в╗бТ╣Й--йврЁ	11	18	88	0	0	155	0.0903226	0	0	0	0	0.00645161	0	0	0.870968	0	0	0.00645161	0	0.696774	0.903226	0	0	0	0	0	0.0322581	0.374194	0	0
www.bjplss.cn	╧Б╩╞я╖╥╢с╕рг-╠╠╬╘фуажхШк╧©ф╪╪споч╧╚к╬	11	0	0	0	0	20	0.35	0	0	0	0	0.05	0.8	0	0.6	0	0	0	0	0	0.9	0	0	0	0	0	0	0	0	0.8
www.bjshengyihong.com	╠╠╬╘й╒ру╨Й╫╗жЧ╧╓Ёлспоч╧╚к╬	11	0	3	0	0	132	0	0	0	0	0	0.0454545	0.931818	0	0.931818	0	0	0	0	0	0.901515	0	0	0	0	0	0	0	0	0.0909091
www.bjtlrd.com	╠╠╬╘л╗ажхы╢О╩Зп╣споч╧╚к╬	11	14	8	4	1	178	0.0786517	0	0	0	0	0.00561798	0.0280899	0	0.904494	0	0	0.0505618	0	0	0.893258	0	0	0	0	0	0	0	0	0.775281
www.bjxjhdp.com	╠╠╬╘Жн╬ш╨ю╣ьф╨╧╓Ёлспоч╧╚к╬	11	0	0	0	0	103	0.0291262	0	0	0	0	0.038835	0	0	0.883495	0	0	0	0	0.00970874	1	0	0	0	0	0	0	0.0194175	0.0194175	0.873786
www.bjyongguang.com.cn	╠╠╬╘сю╧Б╣ГфЬиХ╠╦спочтПхн╧╚к╬-PoweredbyDouPHP	11	10	6	0	0	17	0	0	0	0	0	0	0.117647	0	1	0	0	0	0	0.176471	0.352941	0	0	0	0	0	0.470588	0.0588235	0	0.176471
www.bjzqds.com	╠╠╬╘╠ёй╠╫щ4S╣Й-╠╠╬╘╠ёй╠╫щжппдё╗╠ёй╠╫щ╧ы╥╫мЬу╬ё╘╠ёй╠╫щфЛ╫╒в╗бТ╣Й	11	12	46	3	0	115	0	0	0	0	0	0.321739	0.026087	0	0.6	0	0	0	0	0.026087	0.8	0	0	0	0	0	0	0.513043	0.452174	0.217391
www.brandjz.com	жп╧Зф╥еф╫╗жЧмЬ	11	10	10	3	0	555	0	0	0	0.0018018	0	0.293694	0.0396396	0	0.10991	0	0	0	0.00900901	0.0468468	0.0324324	0.027027	0	0	0	0	0	0.00540541	0.581982	0.504505
www.ccc-bj.com	╠╠╬╘жпюбяТ╧Б╩З╣Гспоч╧╚к╬	11	15	15	4	1	112	0.0803571	0	0	0	0	0	0.0178571	0	0.919643	0	0	0.0535714	0	0.00892857	0.696429	0	0	0	0	0	0	0	0	0.616071
www.china-fv.com	жп╧З╧Ш╡к╧╘с╕мЬ	11	11	8	3	0	69	0	0	0	0	0	0.0434783	0.246377	0	0.521739	0	0	0	0	0.275362	0.971014	0.101449	0	0	0	0	0	0	0	0.0144928
www.chinanorthinspection.com	жп╧З╠╠╥╫╪ЛяИспоч╧╚к╬(CNI)йгр╩╪рв╗р╣╣джйа©©ьжф╨м╧╘с╕иляИж╓фю╧ю╣д╣зхЩ╥╫╥ЧнЯ╧╚к╬-CNI|жп╧З╠╠╥╫╪ЛяИсп	11	11	9	3	0	29	0	0	0	0	0	0	0	0	1	0	0	0	0	0.206897	0.758621	0	0	0	0	0	0	0.931034	0	0
www.cjytjt.com	╠╠╬╘Ёг╫╗ягл╘оНд©╧эюМспоч╧╚к╬	11	0	1	1	0	38	0.0263158	0	0	0	0	0.0526316	0.0263158	0	0.921053	0	0	0	0	0	0.342105	0	0	0	0	0	0	0	0	0.421053
www.cngts.com	GTS--╠╠╬╘╦ъльк╪©ф╪╪споч╧╚к╬	11	15	14	4	0	137	0.0437956	0	0.0291971	0	0	0.0145985	0.0218978	0	0.934307	0	0	0	0	0.255474	0.218978	0.160584	0	0	0	0	0	0.0291971	0.0145985	0.262774
www.com-eye.com	╠╠╬╘╥╜рК╧╚к╬|с╒сО╥╜рК|╠╠╬╘©зрК010-51661240|м╛иЫ╢╚рК|м╛иЫ╥╜рК|п║сОжж╥╜рК-╠╠╬╘рК╨ёлз╥и╥╜рК╧╚к╬	11	19	222	4	1	59	0.0847458	0	0	0	0	0.305085	0.118644	0	0.440678	0	0	0	0	0.389831	0	0.0338983	0	0	0	0	0	0.152542	0.389831	0.0847458
www.cyxypg.com	Ё╞яТйп╫ПЁопесцфю╧юхож╓споч╧╚к╬	11	15	14	4	0	66	0.030303	0.5	0	0	0	0	0	0	0.575758	0	0	0	0	0	0.0454545	0.0151515	0	0	0	0	0	0	0.0757576	0.30303
www.dfydzl.com	╠╠╬╘╤╚╥╫т╤╤╚жфюДиХ╠╦споч╧╚к╬	11	13	2	4	1	13	0	0	0	0	0	0	0	0	0.846154	0	0	0	0	0	0.307692	0	0	0	0	0	0	0	0	0.307692
www.dsjyic.com	╠╠╬╘╣бй╒╪яр╣©ф╪╪споч╧╚к╬-йврЁ	11	16	23	3	0	93	0.0215054	0	0	0	0	0.0322581	0.11828	0	0.397849	0	0	0	0	0.0107527	0.817204	0.0215054	0	0	0	0	0	0.0322581	0.0215054	0.408602
www.elaw360.com	йврЁ--жп╧ЗфСр╣╥╗би╥Гоу╥ю©ьмЬ	11	16	26	3	0	167	0.149701	0	0	0	0	0.0778443	0	0	0.550898	0	0	0.00598802	0	0.011976	0.0179641	0	0	0	0	0	0	0.00598802	0.401198	0.323353
www.fengkoulp.com	║╤╥Г©з║╥юЯф╥жзЁОмЬ-жп╧З╣зр╩╦Ж╡Зр╣╩╔а╙мЬюЯф╥жзЁОмЬ	11	4	3	1	0	1592	0.426508	0	0	0	0	0.00502513	0	0.0527638	0.565327	0	0	0.00565327	0	0.00439698	0.00251256	0.00628141	0	0	0	0.000628141	0.000628141	0.00376884	0.00125628	0.579146
www.fzas.com.cn	╫ПтС╥╫жш(╠╠╬╘)е╘р╣©ф╪╪споч╧╚к╬	11	15	20	4	0	19	0	0	0	0	0	0	0	0	1	0	0	0	0	0.157895	0.421053	0	0	0	0	0	0	0	0	0.210526
www.gongsihuishou.com	║╬мф╪Ж║©╠╠╬╘╪р╬ъ╩ьйу╧╚к╬╠╠╬╘й╣д╬╪р╬ъ╩ьйу╠╠╬╘╤ЧйжиЁ╥╒╩ьйу╠╠╬╘рк╪р╪р╬ъ╩ьйу╠╠╬╘╟Ей╫╪р╬ъ╩ьйу╠╠╬╘╪р╣Г	11	20	100	4	1	1684	0.00356295	0	0.00178147	0.000593824	0	0.34323	0.0166271	0	0.0914489	0	0	0	0	0.0118765	0.114014	0	0	0	0	0.00178147	0.000593824	0.111045	0.372922	0.568884
www.haierweixiu.org	╠╠╬╘╨ё╤Шо╢рб╩Зн╛пч╣Г╩╟_╨ё╤Ш©у╣Вн╛пч╣Г╩╟_╠╠╬╘╨ё╤Ш©у╣Вйш╨С╥ЧнЯ╣Г╩╟_╠╠╬╘╨ё╤Ш©у╣Вйш╨Сн╛пчмЬ400-888-0558	11	18	166	3	0	40	0.05	0	0	0	0	0.175	0.65	0	0	0	0	0	0	0	0.2	0	0	0	0	0	0	0.4	0	0.775
www.hengaodeyi.com	╠╠╬╘╨Ц╟б╣бргфВргфВспоч╧╚к╬╣Г╩╟:010-51655247/51658042	11	11	20	3	0	1964	0.0600815	0	0.00203666	0	0	0.21945	0.046334	0	0.668534	0	0.00101833	0	0	0.613035	0.690937	0.00254582	0	0	0	0	0.00152749	0.655295	0.223523	0.00101833
www.hongfuht.net	╠╠╬╘╨Й╦╩╫║©╣©ф╪╪споч╧╚к╬2012дЙ10тбЁиа╒ё╛вэ╡©н╩сз╠╠╬╘║ёх╚╧ЗаЛох╣д║╟╩╔а╙мЬ+бЩ╡║╫║©╣╧эюМ╨м©╣╦╢╥ЧнЯ║╠╥	11	7	14	1	0	121	0.0743802	0	0	0	0	0.165289	0.0247934	0	0.702479	0	0	0	0	0.0165289	0.363636	0.00826446	0	0	0	0	0.0165289	0.0247934	0.132231	0.355372
www.huahangshiji.com	╠╠╬╘╩╙╨╫йю╪м╩╞╧╓цЁрвспоч╧╚к╬	11	16	16	4	1	32	0	0	0	0.03125	0	0	0	0	1	0	0	0	0	0	0.34375	0	0	0	0	0	0	0	0	0.75
www.hyadr.com.cn	-╠╠╬╘╩╙рЬ╫╗жЧиХ╪фяп╬©т╨споч╧╚к╬	11	15	10	4	0	83	0.144578	0	0	0.0120482	0	0.26506	0.0120482	0	0.542169	0	0	0	0	0	1	0.0120482	0	0	0	0	0	0	0.0120482	0.39759
www.iqdyj.cn	╟╝фЬ╤╞т╙╪ЧмЬ_жп╧ЗфЬ╤╞т╙╪ЧфСр╣иомЬйвя║мЬбГф╫л╗	11	17	85	3	0	4279	0.0135546	0	0	0	0	0.0408974	0	0	0.90839	0.0238373	0.0016359	0	0	0.940173	0.946483	0.0308483	0	0	0	0.000233699	0.0018696	0.641271	0.0179949	0.216406
www.jiahebaisen.com	╠╠╬╘╪н╨л╟ыи╜╧эюМвия╞споч╧╚к╬	11	0	0	1	0	32	0	0	0	0	0	0	0.0625	0	1	0	0	0	0	0	1	0	0	0	0	0	0	0	0	0.375
www.jinhengyi88.com	╫П╨ЦрФи╠ЁФ╧╚к╬|╠╠╬╘цПС╞РК╧╚к╬|╠╠╬╘ЁЩЁФ╧╚к╬|╠╠╬╘╠ё╫Ю╧╚к╬|╠╠╬╘ЁЩ╪вх╘╧╚к╬|й╝дЙж╙цШф╥ефж╣╣цдЗпею╣ё║	11	1	14	1	0	84	0.22619	0	0	0	0	0.0119048	0.0238095	0	0.0238095	0	0.0357143	0	0	0	0.416667	0	0.0357143	0	0	0	0	0	0.0119048	0.297619
www.jrwy.com.cn	╠╠╬╘йп╬ахйн╟р╣с║к╒споч╧╚к╬	11	15	16	4	0	346	0.0578035	0	0	0	0	0	0.00578035	0	0.939306	0	0	0.0289017	0	0	0.924855	0.00289017	0	0	0	0	0	0	0	0.50289
www.kai-ming.com	╠╠╬╘©╜цЗ╧╓цЁспочтПхн╧╚к╬	11	17	51	4	1	13	0.692308	0	0	0	0	0	0.230769	0	0.307692	0	0	0	0	0	0.384615	0.0769231	0	0	0	0	0	0	0	0.384615
www.kuangshengtaiye.com	╠╠╬╘©УЙил╘р╣фСр╣вия╞╧эюМ╧╚к╬	11	9	4	3	0	27	0	0	0	0	0	0	1	0	1	0	0	0	0	0	0.037037	0	0	0	0	0	0	0	0	0.62963
www.lianxiang100.com	╠╠╬╘╩╙пежп╟╡╠ё╟╡╥ЧнЯ╧╚к╬║╙║╙в╗р╣╦ъкьжй╠ё╟╡╥ЧнЯ|╩╙пежп╟╡|╠╠╬╘╠ё╟╡╧╚к╬|╠╠╬╘╠ё╟╡|╠ё╟╡╥ЧнЯ|╟╡х╚╧кнй╧╚к╬|	11	11	14	3	0	121	0.0909091	0	0	0	0	0.157025	0.00826446	0	0.0991736	0	0	0	0	0	0.305785	0.00826446	0	0	0.00826446	0.00826446	0	0.115702	0.0743802	0.677686
www.luckybio.com	гЕфуажё╗юШЮяаИё╘LBCпр╦ёиЗнО©ф╪╪╧и╥щспоч╧╚к╬жп╧З╢Сб╫н╗р╩╧ы╥╫мЬу╬	11	16	45	4	1	157	0.426752	0	0	0.00636943	0	0.242038	0.0382166	0	0.318471	0	0	0.0254777	0	0	0.598726	0	0	0	0	0.00636943	0	0	0.178344	0.369427
www.mejor.cc	DTROд╓|╥ок╝аЦее╥е|к╝вйт╢я╜╩╥юШсц|╥╢иЬм╦е╗к╝╩ьсц-д╓╫Г©ф╪╪ё╗╠╠╬╘ё╘споч╧╚к╬	11	5	64	3	0	162	0.037037	0	0	0.00617284	0	0.0864198	0	0	0.351852	0	0	0.00617284	0	0.203704	0.253086	0	0	0	0	0	0	0.0432099	0.160494	0.290123
www.mwjbjgs.com	╠╠╬╘и╠ЁФ,╠╠╬╘цПС╞РК,╠╠╬╘цПйС,в╗р╣и╠ЁФ,╠╠╬╘цюмР╪ри╠ЁФцПС╞╥ЧнЯспоч╧╚к╬	11	10	11	3	0	45	0.0222222	0	0	0	0	0.0444444	0.111111	0	0.711111	0	0	0	0	0	0.0222222	0	0	0	0	0	0	0	0	0.644444
www.nyhbcy.com	жп╧Здэт╢╩╥╠ё╡Зр╣ф╫л╗	11	18	42	3	0	1414	0.04314	0.0304102	0	0	0	0.11669	0	0	0.00565771	0	0	0.00212164	0	0.584158	0.00919378	0.0127298	0	0	0	0	0.00282885	0.669731	0.12447	0.163366
www.phoenixglen.com	╥ОоХсд╧х(жп╧З)лЛх╩фолядП╬ф╧и╥щспоч╧╚к╬	11	3	2	1	0	15	0	0	0	0	0	0	0	0	1	0	0	0	0	0	0	0	0	0	0	0	0	0	0	0.8
www.qiaoliangqiege.cn	╠╠╬╘геа╨гп╦Н╡ПЁЩ╧╚к╬,геа╨гп╦Н,геа╨╡ПЁЩ,ге╤угп╦Н,иЧ╬Бгп╦Н,╩ЛдЩмагп╦Н╧╚к╬-жп╧Згеа╨гп╦Н╡ПЁЩмЬ	11	14	30	3	0	196	0	0	0	0	0	0.0102041	0.0102041	0	0.0765306	0	0	0	0	0	0.571429	0	0	0	0	0	0	0.316327	0.265306	0.362245
www.redsun-group.net	╠╠╬╘╨Лху╩А╪фй╕йбнЯкЫспочтПхн╧╚к╬	11	0	0	1	0	14	0	0	0	0	0	0	0.285714	0	1	0	0	0	0	0	0	0	0	0	0	0	0	0	0	0.928571
www.sail-well.com	minmax╣Гт╢жп╧ЗгЬвэ╢ЗюМ--╠╠╬╘хЭн╙╢О©ф╪╪споч╧╚к╬	11	18	107	4	1	63	0.0952381	0	0	0.015873	0	0.174603	0.015873	0	0.539683	0	0	0	0	0.190476	0.412698	0	0	0	0	0	0	0.15873	0.015873	0.174603
www.shanjixinxi.com	жп╧Зи╫╪╕яЬжЁ╫╩рвмЬ	11	0	3	0	0	139	0.0791367	0	0	0	0	0.0215827	0.0431655	0	0.884892	0	0	0	0	0.28777	0.201439	0	0	0	0	0	0	0.330935	0	0
www.shunzhiyuanjingshui.com	кЁж╝т╢╣ГфВспоч╧╚к╬_кЁж╝т╢╬╩к╝╩З_жп╧З╬╚ф╥╬╩к╝╩Зяп╥╒жфтЛ╩Ы╣ь	11	0	0	1	0	36	0.0555556	0	0	0	0	0	0.0833333	0	0.75	0	0	0	0.722222	0	0.555556	0	0	0	0	0	0	0.0277778	0	0.944444
www.sohochinabeijing.com	║╬SOHOжп╧З║©║╬╧ы╥╫║©╧Б╩╙б╥SOHO╤Чфзп╢вжб╔упилЁЖвБ╣Г╩╟,ххоъ:400-659-8669ёЭ╧Б╩╙б╥SOHO╤ЧфзёЭ╧Б╩╙б╥sohoёЭ	11	0	8	0	0	67	0.716418	0	0	0	0	0.134328	0	0	0	0	0	0	0	0	0.507463	0	0	0	0	0	0	0.522388	0	0.164179
www.sxlfz.com	й╔я╘ю╪|╠╠╬╘й╔я╘ю╪╥Чв╟╥Чйнспоч╧╚к╬	11	15	10	4	1	89	0	0	0	0	0	0.168539	0.0337079	0	0.786517	0	0	0	0	0	0.561798	0	0	0	0	0	0	0.0674157	0.0786517	0.393258
www.thmtg.com	м╔╨цбМм╟╦г|жп╧Зжгдэ╣ГвсбМм╟╦гилоЗф╫л╗	11	0	0	1	0	23	0.0869565	0	0	0	0	0	0	0	0.565217	0	0	0	0	0	0.434783	0	0	0	0	0	0	0	0.0434783	0.478261
www.transforyou.cn	жпрКтц╤Шё╗╠╠╬╘ё╘╥╜рКспоч╧╚к╬	11	16	43	4	0	109	0.201835	0	0	0	0	0.284404	0.00917431	0	0.394495	0	0	0	0	0	0.321101	0	0	0	0	0	0	0	0.155963	0.293578
www.v-young.com	╠╠╬╘мЧяОсют╢©ф╪╪╥╒у╧споч╧╚к╬	11	0	0	3	0	121	0.0165289	0	0	0	0	0.14876	0.0826446	0	0.446281	0	0	0	0	0	0.264463	0	0	0	0	0	0	0	0.0413223	0.454545
www.weijiangyou.com	╫╢см|╫╢смф╥еф|╫╢смеЗ╥╒|╫╢см╪ш╦Я-жп╧З╫╢сммЬ	11	10	6	2	0	509	0.21611	0	0	0	0	0	0.288802	0	0.776031	0	0	0	0	0.630648	0.917485	0.00392927	0	0	0	0	0	0.687623	0	0.302554
www.wmdfcm.com	╠╠╬╘ящЁЖ╧╚к╬|╠╠╬╘юЯрг╧╚к╬|вия╞╣Г╩╟13911024566|╠╠╬╘гЛ╣Д╧╚к╬|╠╠╬╘ящру╧╚к╬|ящру╧╚к╬|гЛ╣Д╧╚к╬|иЦс╟иЦоЯ|ю	11	18	125	4	1	1190	0.000840336	0	0	0.000840336	0	0.00252101	0.190756	0	0.236975	0	0	0	0	0.0109244	0.252941	0	0	0	0.00252101	0.0252101	0.000840336	0	0.305042	0.418487
www.xiangtiankeji.cn	╠╠╬╘оИлЛмЬбГм╗пе©ф╪╪споч╧╚к╬-╠╠╬╘оИлЛмЬбГм╗пе©ф╪╪споч╧╚к╬	11	11	15	3	0	17	0	0	0	0	0	0	0.235294	0	1	0	0	0	0	0	1	0	0	0	0	0	0	0	0	0.823529
www.xn--55q1shks1artp6d.com	╠╠╬╘ю╪пбяеж╬Ёо╧Ц╦Фспоч╧╚к╬	11	2	0	1	0	52	0	0	0	0	0	0	0	0	0.653846	0	0	0	0	0	0.519231	0	0	0	0	0	0	0	0.0192308	0.596154
www.yabaoexpo.com	╠╠╬╘яе╠╕╧З╪йу╧ююспочтПхн╧╚к╬	11	19	170	4	1	88	0.738636	0	0	0	0	0	0.920455	0	0.215909	0	0	0.102273	0	0	0.227273	0	0	0	0	0	0	0	0	0.0909091
www.yimei-bj.com	-╠╠╬╘руцю╧Ц╦Ф╢╚ц╫споч╧╚к╬	11	0	0	0	0	120	0	0	0	0	0	0	0.325	0	1	0	0	0	0	0	1	0.00833333	0	0	0	0	0	0	0	0.841667
www.ysjw114.com	яЬиМ╬ф╪ш╦Я_яЬиМ╬феЗ╥╒_яЬиМ╬ф╪сцк_яЬиМ╬ф╡и╧╨-жп╧ЗяЬиМ╬ф╫╩рвмЬ	11	0	0	0	0	730	0.0273973	0	0	0	0	0.309589	0.00273973	0	0.530137	0	0.00547945	0	0	0.379452	0.815068	0.0219178	0	0	0	0	0.00136986	0.00821918	0.0753425	0.00136986
www.zao7.cn	тФ╪ш╦Я|╨ЛтФ╪ш╦Я|╢СтФ╪ш╦Я|тФппгИ|тФбшлЁ|©╔тФ╪ш╦Я║╙жп╧ЗтФмЬ	11	15	52	3	0	5978	0.0277685	0	0	0	0	0.904316	0.0008364	0	0.0431582	0	0.0008364	0	0	0.906992	0.0817999	0	0	0	0	0	0	0.0421546	0.856641	0.0158916
www.zggszgc.com	╠╠╬╘╧емЫ╫Яю╢╡Хнд╩╞споч╧╚к╬	11	9	60	2	0	46	0	0	0	0	0	0.108696	0	0	0.891304	0	0	0	0	0	0.347826	0	0	0	0	0	0	0	0	0.5
www.zgsnpt.com	жп╧ЗхЩе╘ф╫л╗	11	6	9	2	0	446	0.0852018	0	0	0	0	0.255605	0.154709	0.00672646	0.383408	0.0044843	0	0.0134529	0.00224215	0.253363	0.237668	0.00672646	0	0	0	0	0	0.0852018	0.327354	0.0246637
www.zhhtmsw.com	╨сКЮцюйЁмЬ-жп╩╙╨сКЮсЦь╜╨сКЮь╜цюйЁь╜╨сКЮцюйЁ|жп╩╙╨сКЮцюйЁмЬ|жп╩╙╨сКЮцюйЁмЬ|╨сКЮеЮя╣|╨сКЮцюйЁ|╠╠╬╘╨сКЮ	11	12	22	3	0	330	0.587879	0	0	0.0030303	0	0.1	0	0	0.127273	0	0	0.0545455	0	0.0030303	0.633333	0.0030303	0	0.00606061	0	0	0	0	0.0727273	0.372727
www.zhwlkj.com	тзоъхэ╫БяУрг|╬╡я╧р╨н╩╪ф|аВм╗й╫вг╤хрг|╠╠╬╘жп╩╥н╣ю╤©ф╪╪споч╧╚к╬|йврЁ	11	18	60	4	1	178	0.101124	0	0	0.00561798	0	0.106742	0	0	0.702247	0	0	0	0	0.455056	0.775281	0.00561798	0	0	0	0.00561798	0	0.41573	0.00561798	0.0337079
www.ztrhy88.com	╠╠╬╘╟бпгЁ╓ЁгхС╩╛смж╛споч╧╚к╬	11	0	0	0	0	97	0.0103093	0	0	0	0	0.113402	0	0	0.824742	0	0	0	0	0	0.969072	0	0	0	0	0	0	0.0618557	0.14433	0.618557
xinkeyiren.cn	╠╠╬╘пб©фртхй©ф╪╪╥╒у╧споч╧╚к╬╧ымЬ	11	0	0	0	0	212	0.0471698	0	0	0	0	0.0518868	0.0141509	0	0.816038	0	0	0.0283019	0.117925	0.174528	0.886792	0.146226	0	0.00471698	0	0	0	0.132075	0.283019	0
ydmxdy.com	цВпг╢Зят╧╚к╬|цВпг╬╜╪м╧╚к╬|цВпг╢Зят|цВпгящЁЖ|цВпг╢Зят╥я|цВпгжЗюМ|цВпг╬╜╪мхк|ящт╠╢Зят|пноС╢Зят|╠╠╬╘т╤╢	11	11	10	2	0	160	0	0	0	0	0	0.0875	0.85	0	0.25	0	0	0	0	0	0.18125	0	0	0	0	0	0	0	0.58125	0.26875
z9wenhua.com	жп╬ц╢╚ц╫_жп╬ц╧Ц╦Ф_жп╬цнд╩╞_╠╠╬╘жп╬цнд╩╞╥╒у╧споч╧╚к╬	11	4	4	1	0	15	0	0	0	0	0	0.0666667	0	0	0.666667	0	0	0	0	0	0.0666667	0	0	0	0	0	0	0	0	0.6
zhekouzhekou.com	н╒е╘мЬ-жп╧Зе╘р╣пео╒_е╘╡Зф╥╫╩рвпео╒мЬ_в╗р╣╧╘гСжб╦╩пео╒цБ╥я╥╒╡╪ф╫л╗	11	5	8	1	0	4953	0.00242277	0	0	0	0	0.0393701	0.00585504	0	0.909954	0.000201898	0.000605694	0.0369473	0	0.942257	0.832425	0.0371492	0	0	0	0	0.00100949	0.866344	0.000605694	0
zyqtsb.com	до╧╛йпЁ╞яТфЬлЕ╧ЮЁДиХ╠╦споч╧╚к╬|лЛх╩фЬ╪╞в╟оД|лЛх╩фЬф©╥╖|н╒пм╩ЦаВее|лЛх╩фЬфШ╩╞фВ|лЛх╩фЬ╩ЦаВее	11	16	21	3	1	20	1	0	0	0	0	0	1	0	0	0	0	0	0	0	1	0	0	0	0	0	0	0	0	0.95
